%YAML:1.0
---
camera matrix: !!opencv-matrix
   rows: 3
   cols: 3
   dt: d
   data: [ 4.0736435848294622e+02, 0., 1.7138905408814983e+02, 0.,
       4.0817693760115810e+02, 1.1399350291587481e+02, 0., 0.,
       1. ]
distance distortion: !!opencv-matrix
   rows: 1
   cols: 5
   dt: d
   data: [ -6.7841436479137610e-02, 1.6715587854106493e+00,
       -8.4006811065303194e-03, 4.1575098562988168e-03,
       -7.8326028537948726e+00 ]
