%YAML:1.0
---
camera matrix: !!opencv-matrix
   rows: 3
   cols: 3
   dt: d
   data: [ 8.1472871696589243e+02, 0., 3.4277810817629967e+02, 0.,
       8.1635387520231620e+02, 2.2798700583174963e+02, 0., 0., 1. ]
distance distortion: !!opencv-matrix
   rows: 1
   cols: 5
   dt: d
   data: [ -6.7841436479137610e-02, 1.6715587854106493e+00,
       -8.4006811065303194e-03, 4.1575098562988168e-03,
       -7.8326028537948726e+00 ]
