%YAML:1.0
---
camera matrix: !!opencv-matrix
   rows: 3
   cols: 3
   dt: d
   data: [ 1.4386108727199876e+03, 0., 6.7476509836665275e+02, 0.,
       1.4406428751534634e+03, 3.6353591655975470e+02, 0., 0., 1. ]
distance distortion: !!opencv-matrix
   rows: 1
   cols: 5
   dt: d
   data: [ 4.7564640427396949e-02, 4.8279007489445663e-01,
       5.5636296123841343e-04, 1.3571500706209218e-03,
       -1.6118774729697127e+00 ]
